Epoch: 1, Loss: 650.9780883789062, Eval Loss: 531.4302978515625
Epoch: 2, Loss: 271.2762451171875, Eval Loss: 181.0257110595703
