Epoch: 1, Loss: 896.1859741210938, Eval Loss: 223.5480499267578
Epoch: 2, Loss: 112.06216430664062, Eval Loss: 73.12879943847656
Epoch: 3, Loss: 58.11333465576172, Eval Loss: 59.32296371459961
