Epoch: 1, Loss: 691.1007690429688, Eval Loss: 224.24490356445312
Epoch: 2, Loss: 145.37115478515625, Eval Loss: 170.0208282470703
Epoch: 3, Loss: 87.7960205078125, Eval Loss: 73.12955474853516
