Epoch: 1, Loss: 699.2252197265625, Eval Loss: 249.4295654296875
Epoch: 2, Loss: 138.9130859375, Eval Loss: 208.39620971679688
Epoch: 3, Loss: 77.51947784423828, Eval Loss: 73.59121704101562
