Epoch: 1, Loss: 944.0681762695312, Eval Loss: 378.5188293457031
Epoch: 2, Loss: 162.938720703125, Eval Loss: 139.00877380371094
Epoch: 3, Loss: 86.47747802734375, Eval Loss: 81.83428192138672
Epoch: 4, Loss: 60.07960510253906, Eval Loss: 73.65513610839844
